time,x,y,z,phi,theta,psi,x_velocity,y_velocity,z_velocity,phi_velocity,theta_velocity,psi_velocity,rotor_speed1,rotor_speed2,rotor_speed3,rotor_speed4
0.06,-1.1116872286e-07,2.2047318259e-07,10.0059283117,0.000196715780389,6.28274316202,0.0,1.37520484787e-05,1.96150892613e-05,0.197596204671,0.00914003616987,-0.0292248764226,0.0,468.6728675328369,466.39636728373955,465.78782281322196,466.5018822185314
0.12000000000000001,1.48532552713e-05,7.46057816365e-06,10.0185600303,0.00125808379133,6.28098520961,0.0,0.000644881920476,0.000298567281545,0.223455911641,0.0308571890396,-0.0294482574244,0.0,413.7139015235787,413.6939091993384,410.8440937080372,412.7647596003841
0.18,0.000104562156845,5.81905514532e-05,10.0346590265,0.0033463372899,6.27958923118,0.0,0.00250204167042,0.00159132598961,0.313155522277,0.0417144021618,-0.0131243364732,0.0,432.962160922879,434.33304036792197,433.26897823600484,434.1812145324778
0.23999999999999996,0.000345284335643,0.000246823095612,10.0602697545,0.00561480258716,6.27944350455,0.0,0.00557115400086,0.00498619839301,0.540453797111,0.0285530104726,0.0131919572973,0.0,474.06804897920125,476.08557636406016,476.8580260052405,475.8523094416442
0.3,0.000758785100413,0.000677483114437,10.0971501859,0.00761261960531,6.28047690639,0.0,0.00811119231465,0.0095727335446,0.688814787436,0.0414063793172,0.0242641449784,0.0,451.903258435908,452.7946686270712,451.76517446363874,452.80063466454186
0.36000000000000004,0.00129883554064,0.00142853268767,10.1426916505,0.0102312528159,6.28187883075,0.0,0.00973589949834,0.0157373728065,0.829140275757,0.0477792072684,0.0215046844935,0.0,450.3230126926593,450.0998203465931,449.58710864772604,450.1041221893318
0.4200000000000001,0.00190602438671,0.00260551605645,10.1964145772,0.0127959990942,4.94570346667e-05,0.0,0.0103622104926,0.0237871167287,0.961518342595,0.0300682227607,0.0247018892182,0.0,448.3250954656809,448.58478874502555,447.8336186711106,446.3918323677465
0.48000000000000015,0.00252010125376,0.00430370245432,10.2570902874,0.0144269450502,0.000940374802076,0.0,0.00996249340544,0.0329937014618,1.06091544008,0.0206767929417,-0.028029942244,0.0,439.71825563344885,435.32854882071547,438.21265239551957,437.43156690164466
0.5400000000000001,0.00310396660349,0.00660923931785,10.3252997982,0.01596670052,6.28226801954,0.0,0.00969301951302,0.044009366222,1.21258368418,0.0341257351607,-0.0375824877835,0.0,453.7873937441859,453.01969967299897,454.3740990461671,455.4509914849427
0.6000000000000002,0.00371574194398,0.00964014523789,10.4042830605,0.0178455744765,6.28099183712,0.0,0.010893679784,0.0572491706435,1.41995291997,0.0249992170524,-0.000257156790583,0.0,470.35710519362186,473.23844994400656,470.99047141397745,470.2844472189973
0.6600000000000003,0.00441951587769,0.0134942336015,10.494895861,0.0200016933002,6.2813854344,0.0,0.0125403944984,0.0714310443699,1.60023456542,0.0518125228539,0.0175517358828,0.0,463.16728261993626,464.5655825103902,462.4291801687794,464.53680654903974
0.7200000000000003,0.00520950530887,0.0182726037663,10.5971467544,0.022536493784,6.28298271138,0.0,0.0136306807211,0.088196414558,1.80781587133,0.00434827225835,0.0404058419739,0.0,470.1812319792359,471.94846474623097,475.35374910385514,471.70347807385224
0.7800000000000004,0.0060217108497,0.0240891013052,10.7111910456,0.0224103274346,0.00207675035954,0.0,0.0131726213629,0.105693016593,1.99335466657,-0.01990927826,0.0326564262597,0.0,466.4811039719222,465.8762306840027,467.60169281336584,465.7083403060592
0.8400000000000004,0.00676751602763,0.0308344411352,10.8313253743,0.0214545466898,0.00421304576987,0.0,0.0115031071551,0.119054853603,2.01109311334,-0.00896841603107,0.0409302009461,0.0,413.60302909035227,414.3316940783006,413.61233887265473,414.5747920600789
0.9000000000000005,0.00735206076549,0.0384599129733,10.9569251614,0.0207246702355,0.00620911279749,0.0,0.00772596559039,0.135051050715,2.17526838644,-0.0194771561435,0.00994692083341,0.0,462.93217493542386,460.48822805650263,460.1182709185889,459.2857240785638
0.9600000000000005,0.00766965134872,0.0470327386377,11.0927077268,0.0193687736738,0.00750482462618,0.0,0.00274800924394,0.150560392648,2.35047533446,-0.0297128554694,0.038226053584,0.0,463.7572414069262,465.97308693655884,464.8388580354532,464.0360669673226
1.0200000000000005,0.00765797244739,0.0564884863314,11.2382772252,0.0173733563356,0.0101923863204,0.0,-0.00341033226239,0.164418758226,2.50152455616,-0.0415016802846,0.0554502800271,0.0,457.1719428796259,458.5432925965466,458.7628315370655,457.8254210247665
1.0800000000000005,0.00723712657489,0.0666914905209,11.3907181426,0.0149929755634,0.0133723449822,0.0,-0.0109378517405,0.175437323495,2.57966677736,-0.036246720893,0.0475836669523,0.0,436.37706697664095,435.7218050755585,435.7976994753332,436.235875233165
1.1400000000000006,0.00631975953137,0.0774909327683,11.5466128451,0.0123850974165,0.016317442176,0.0,-0.0199088269132,0.18432655422,2.616738608,-0.0645880487317,0.0519291585914,0.0,423.66619122653003,424.04126578985444,423.54730530419755,421.1013918126954
1.2000000000000006,0.00467944729181,0.0888580147303,11.7123481416,0.00887801407702,0.0191941804943,0.0,-0.0351484077889,0.194089541988,2.90707931883,-0.0483735867831,0.0384724648493,0.0,500.0453730852715,499.06526080748085,499.39973885868056,500.5789615518456
1.2600000000000007,0.0021351055146,0.100687256184,11.8912922639,0.00604639002129,0.0216962016758,0.0,-0.0499191932857,0.19990073904,3.05733308602,-0.0449334007884,0.0474785664254,0.0,460.4363679212682,461.1491764490609,460.0593488757658,460.3303991349808
1.3200000000000007,-0.00138365975822,0.11281046147,12.0806067597,0.00331772958503,0.0239994349375,0.0,-0.0676770229934,0.203887489023,3.25261061699,-0.0465887145717,0.00558354743026,0.0,476.073113762184,472.85713986515026,475.06113831155744,474.9331358576745
1.3800000000000008,-0.00602120457381,0.125109161567,12.2820354884,0.000160714947914,0.0249960522097,0.0,-0.0869788683425,0.205720257448,3.46107266711,-0.0687663795369,0.0325867571149,0.0,479.1897006849175,481.2379951336043,479.9713992730705,478.2835294447269
1.4400000000000008,-0.0116645759602,0.137440729903,12.4887864694,6.27947027619,0.0268008853404,0.0,-0.101291837693,0.205000812828,3.43071535548,-0.0573452926283,0.0245278929063,0.0,406.3619239069907,405.6392104802737,404.8128791203518,405.83579793395245
1.5000000000000009,-0.0184063329142,0.149632580242,12.7015030945,6.2763997996,0.0281729647226,0.0,-0.123586695646,0.201005427661,3.65913093406,-0.0410499961819,0.0193227661266,0.0,485.8287142184057,485.4382654144176,486.7260767473733,487.942627774695
1.560000000000001,-0.0264284273283,0.161536127387,12.9247446812,6.27365077206,0.0297937780754,0.0,-0.143955105757,0.195509861057,3.78185121608,-0.0576419508654,0.039125452679,0.0,455.7190619557063,457.2994187497424,457.3792975331492,456.05464817115734
1.620000000000001,-0.0357027835984,0.17305017688,13.1550654685,6.27021041759,0.0318165375251,0.0,-0.16540913983,0.187936567466,3.89511883698,-0.0567408387028,0.0197665415308,0.0,454.9540914410746,453.4017559578536,454.90577270815965,454.9757484529738
1.680000000000001,-0.0463042474063,0.184037027613,13.3922324362,6.26629737784,0.0330165464531,0.0,-0.188084852824,0.17792714702,4.01004171656,-0.0932891227483,0.020463279548,0.0,456.9546045531647,457.01010464683003,456.23026800484456,453.29896934036054
1.740000000000001,-0.0581725879839,0.194396003126,13.6326978683,6.26044150356,0.0345981804404,0.0,-0.207650757494,0.166876629666,4.00547683354,-0.108014798679,0.0361127930474,0.0,417.55494019092504,418.9182644997662,419.48361212435896,418.1938526614948
1.8000000000000012,-0.0712412135532,0.203989546696,13.8727521346,6.25396945545,0.0372745876105,0.0,-0.228182885648,0.152350293562,3.99634401166,-0.10757467834,0.0577052252661,0.0,416.045860398349,417.9334919764949,417.0130343422615,417.04041253382366
1.8600000000000012,-0.0857027123997,0.212510489517,14.1151680982,6.24772468351,0.0408564176766,0.0,-0.254208697489,0.131055186445,4.08384595845,-0.0978781680764,0.0634083433904,0.0,448.16469678256186,448.63050720396836,447.70049704292984,448.47941443287584
1.9200000000000013,-0.101918187283,0.219525189402,14.3656631296,6.2416342663,0.0450335561686,0.0,-0.286737641903,0.102112278995,4.26528259911,-0.109978046505,0.0797965046991,0.0,476.7522979990413,478.0061399684918,477.81190191221543,476.88026022856695
1.9800000000000013,-0.120049574387,0.224787104379,14.6240532019,6.23474263915,0.0504742820329,0.0,-0.318142032428,0.0726314425404,4.34735384244,-0.127040726063,0.106492095485,0.0,448.25963319726145,450.4304557343449,448.8861128181292,447.4873411617866
2.0400000000000014,-0.140191532489,0.228126879528,14.8875793159,6.22727878717,0.0567743873874,0.0,-0.35387634048,0.0379566000357,4.43642964631,-0.119580048738,0.101843614768,0.0,450.95933626578494,450.59311008115054,452.4011438917085,452.9877498816471
2.1000000000000014,-0.162646695178,0.229195100598,15.1571565436,6.22029006501,0.0626229746225,0.0,-0.39522684829,-0.00305543543392,4.54894649405,-0.110908154756,0.0868851603877,0.0,460.63552573171546,459.4586795625364,459.281094013518,459.95673644526414
2.1600000000000015,-0.187594693481,0.227766759431,15.4317728995,6.21357303467,0.0678737000942,0.0,-0.436858821877,-0.0451755800043,4.60462034674,-0.114119192857,0.0887365418451,0.0,443.1932891343825,443.35181493604813,443.3951965679612,443.1201220833531
2.2200000000000015,-0.2150802926,0.223745500406,15.7088096732,6.20642871471,0.0728418254542,0.0,-0.479792937156,-0.0894880588998,4.6297394675,-0.131477121588,0.067007943096,0.0,434.19368122488953,432.37229826033206,435.75489158536953,434.2879165247693
2.2800000000000016,-0.245536537263,0.216605517441,15.9914915851,6.19842116011,0.076559914431,0.0,-0.535799996836,-0.14933687062,4.79219664212,-0.137746458019,0.049272671182,0.0,477.9083471572162,476.5568986803528,477.02477673208165,476.5306313310621
2.3400000000000016,-0.279073157458,0.206095025377,16.279256556,6.1902972054,0.0793648468867,0.0,-0.582340858159,-0.201728216426,4.79982609064,-0.131080118819,0.0411537178132,0.0,431.6355413500882,430.9510898094833,429.62165856974804,430.16895632822605
2.4000000000000017,-0.315552644679,0.192179094393,16.568721374,6.18295080541,0.0817381308862,0.0,-0.633855497064,-0.262823998762,4.84867360225,-0.109173633247,0.0361488904593,0.0,443.83282142841875,443.4226056240984,443.8800825849103,445.66053727066634
2.4600000000000017,-0.355135409058,0.174502433142,16.8606994947,6.17619074085,0.0833926301866,0.0,-0.685746355657,-0.326988387275,4.88366196527,-0.120769405139,-0.0011851152819,0.0,442.4420809763865,439.35733640941663,440.5286069471461,439.55706414393717
2.520000000000002,-0.397638376604,0.153128995457,17.1521765257,6.1690937298,0.0834701545539,0.0,-0.731040565748,-0.386047512745,4.83235500737,-0.113729305901,0.00583600588061,0.0,412.687717971255,413.307063920579,411.62629563229154,412.23512830906037
2.580000000000002,-0.443549610951,0.127154918133,17.4487139014,6.16185086305,0.0836100095807,0.0,-0.79928694139,-0.480469676766,5.05112374591,-0.14075209838,-0.00581015878287,0.0,497.1784733013628,496.32433733811104,496.85722334443426,494.85988446936585
2.640000000000002,-0.493400498458,0.0955626713358,17.7564957452,6.15301549741,0.0828819906292,0.0,-0.862298362495,-0.573457053782,5.20739409339,-0.165241974487,-0.0294290357111,0.0,481.13364052106397,479.34197477576697,481.4360979026018,479.56022868036183
2.700000000000002,-0.546560595054,0.0589052938748,18.0682256713,6.14343860768,0.0806582958775,0.0,-0.909557890256,-0.649277010817,5.18355900354,-0.150247525899,-0.0602240485252,0.0,426.3184537009576,423.67758083745053,426.08464266017694,427.33929805974685
2.760000000000002,-0.602699855692,0.017215728168,18.3807765444,6.13402622069,0.0780767714756,0.0,-0.961455048722,-0.741202231987,5.23440155363,-0.175355718506,-0.0212771208519,0.0,448.4423007029036,451.59392317868594,451.31249783970435,449.25743859531775
2.820000000000002,-0.662023570469,-0.0303898270375,18.6977648809,6.12399264012,0.0767385147444,0.0,-1.01583786219,-0.846608693819,5.33119383109,-0.154582953534,-0.0244418417982,0.0,464.37836923016386,464.130017289357,465.58014916156077,467.1771336934684
2.880000000000002,-0.724371234004,-0.0840771096154,19.0177878122,6.11455309383,0.0752233345879,0.0,-1.06228946985,-0.943773229493,5.33600305192,-0.163460380698,-0.026926554086,0.0,438.457963878974,438.2513324783308,437.51384352155185,436.74996289635715
2.940000000000002,-0.789798885355,-0.144482404024,19.3422466573,6.10496945296,0.0736647834147,0.0,-1.11841220926,-1.07065187333,5.4783342575,-0.153155354079,-0.0241394297049,0.0,481.5209931352501,481.73174679242567,479.91400926261394,480.67344792726703
3.000000000000002,-0.858418607841,-0.212355333634,19.6732658167,6.09579878817,0.0731078299219,0.0,-1.16879839742,-1.19259649964,5.55498340946,-0.152230441266,0.0104567190497,0.0,461.6797659120465,464.40189318833103,462.9964154447666,463.04818776470626
3.0600000000000023,-0.930061008259,-0.28772979213,20.0088606288,6.08717300552,0.07440179496,0.0,-1.21935657278,-1.32065804042,5.63081578186,-0.130706200703,0.0376301362723,0.0,463.2344358605993,465.36670400933934,463.2007591717206,464.8719741650062
3.1200000000000023,-1.00475838941,-0.370921916191,20.3487983432,6.07900494443,0.0773700484593,0.0,-1.27079219686,-1.45308854118,5.69975237789,-0.150115384841,0.0662976585222,0.0,461.72523189985156,463.9830906349385,464.8897701559425,463.3495766074873
3.1800000000000024,-1.08245704429,-0.461828980622,20.6909362001,6.07043027825,0.0811283781472,0.0,-1.31950252746,-1.57787639754,5.70444863237,-0.131427626284,0.0540812436662,0.0,445.33775630581715,444.3399757037012,443.73105387231976,445.24351989334536
3.2400000000000024,-1.16293155841,-0.55981663355,21.0307592504,6.06253688445,0.0845118145762,0.0,-1.36326580917,-1.68902966753,5.62306839532,-0.131815410378,0.0606481640001,0.0,417.7493030268551,418.32403649950624,415.45684397765996,415.40561648562067
3.3000000000000025,-1.24645807392,-0.665550485469,21.3698991666,6.05471747251,0.0883313103618,0.0,-1.42128258023,-1.83607615916,5.68087759733,-0.127498166243,0.0690829441749,0.0,461.2139153238832,461.8825104073239,462.9165560373919,463.2413913586453
3.3600000000000025,-1.33314411109,-0.779235632424,21.7080937054,6.04792679413,0.0924264629499,0.0,-1.46859765046,-1.9540259135,5.59235782779,-0.0939421612376,0.0665386757538,0.0,415.99656250660456,415.7775187735648,413.98770528622015,416.9173429085886
3.4200000000000026,-1.4231805664,-0.90121742031,22.0455964311,6.04209534067,0.0960579943972,0.0,-1.53295662936,-2.11246466576,5.65697770583,-0.104635795989,0.0444336147948,0.0,465.82089617234965,464.09107488857234,467.15437457404954,466.3119679451579
3.4800000000000026,-1.51708973544,-1.03267804955,22.386341131,6.03570771362,0.0986336197816,0.0,-1.59756874247,-2.27005189176,5.70051265105,-0.110381611463,0.0397306165167,0.0,460.8170792415517,460.4460320729908,461.27005581413357,460.8064808398851
3.5400000000000027,-1.61436619069,-1.17232774028,22.7241745032,6.02953376571,0.101642761119,0.0,-1.64523511737,-2.38551538667,5.56094890702,-0.0910569887915,0.0654692917125,0.0,399.0903825402048,401.43516856610074,399.80880988361554,401.5553731848977
3.6000000000000028,-1.71490306912,-1.31985379024,23.0569202065,6.02488578294,0.105028873643,0.0,-1.70632148423,-2.53243536171,5.53030458837,-0.0589102758072,0.0241493777752,0.0,438.7734524324397,435.33073019575085,436.7825575610312,439.4505709329712
3.660000000000003,-1.81921415977,-1.47640935932,23.3883036,6.02151297621,0.10603671519,0.0,-1.77083113967,-2.6863770747,5.51550944028,-0.0513039859056,-0.00497419303737,0.0,444.21362284150194,441.81839229928096,443.3998248266302,444.0222300087713
3.720000000000003,-1.9273302287,-1.64206779837,23.718027894,6.01846081479,0.105522692716,0.0,-1.83302821356,-2.83587025014,5.47516547697,-0.0500142706048,-0.0169475120666,0.0,435.4701711604002,434.4673382535714,435.97587557451374,436.08194522056675
3.780000000000003,-2.03964806661,-1.81793674935,24.0496480231,6.01541547051,0.104485222115,0.0,-1.91073170152,-3.02658436987,5.5779054742,-0.052280955659,-0.0179874811279,0.0,480.8817813285051,480.80308429777614,482.1133003856755,481.9405580602299
3.840000000000003,-2.1566672592,-2.0054672583,24.3879190282,6.01215191412,0.103394995522,0.0,-1.98972070772,-3.22458609502,5.69673035244,-0.0589891899527,-0.0185388788032,0.0,487.9911209903181,487.95004741132266,488.6754748118263,488.1733852904008
3.900000000000003,-2.27789390425,-2.20363201392,24.7285083423,6.00850104894,0.102198148456,0.0,-2.05109846703,-3.38126544864,5.65607143606,-0.0648492970375,-0.0229246406182,0.0,440.8679196554102,440.505332926517,439.76483007509745,439.27634273676483
3.960000000000003,-2.40305880528,-2.41199262963,25.0691692794,6.00468325916,0.100371631514,0.0,-2.12089595614,-3.56438742,5.69861024733,-0.0612971550609,-0.0530207867534,0.0,468.29821775185763,465.9503410283403,467.548184731488,467.82218118866456
4.020000000000002,-2.53229493051,-2.631205229,25.4115643376,6.00096326736,0.0975546577426,0.0,-2.18670131919,-3.74302477297,5.71404614115,-0.0634429997548,-0.0369601562988,0.0,460.465018677901,461.7327991253337,459.46305309637074,459.2902300426745
4.080000000000001,-2.66564731875,-2.86182418897,25.7569184817,5.99745274378,0.0956572696058,0.0,-2.25812687598,-3.9445146473,5.79680396558,-0.0501225758981,-0.0226559564944,0.0,482.6193052742285,483.6976732618322,481.01382085142865,482.01958163190153
4.14,-2.80342228061,-3.10511304659,26.108869388,5.99465503047,0.0939765888027,0.0,-2.33413052551,-4.16520924962,5.93358958278,-0.040426068133,-0.0417622274507,0.0,501.37952797503846,499.9890053105763,499.82312041455697,500.5283996853639
4.199999999999998,-2.94513395409,-3.35993863743,26.4629776037,5.99240146853,0.0911786611524,0.0,-2.38943305123,-4.32932126202,5.86998103747,-0.0323683214132,-0.0587821979734,0.0,441.42282184547,440.0142757845119,439.6581039290441,440.32469164039367
4.259999999999997,-3.09006832084,-3.62449622694,26.8126516378,5.99028410403,0.0877576575423,0.0,-2.44151355041,-4.48963466791,5.78592652892,-0.0418848708937,-0.0537022405343,0.0,433.9407508499106,434.364775263073,433.2803151513968,432.478672902989
4.319999999999996,-3.23811031496,-3.89882166098,27.1575361715,5.98770738778,0.0848429888266,0.0,-2.49304119693,-4.65494550524,5.7102403834,-0.0451545295246,-0.0399159613432,0.0,435.51712770990594,436.6674602252285,436.3616644959608,436.0874999503674
4.379999999999995,-3.38922986529,-4.18320915263,27.4980816198,5.98452536373,0.0826586115062,0.0,-2.54414876776,-4.82505352961,5.64120905321,-0.0775043330569,-0.0301785906814,0.0,438.0440163694778,438.85259022430404,439.71226375923595,437.0211059089028
4.439999999999993,-3.54354724476,-4.47844895676,27.8362538133,5.98029754179,0.0803774217835,0.0,-2.59960783371,-5.01672376291,5.63067501653,-0.0591855161219,-0.0622887786411,0.0,459.38541645634626,456.8305915175497,457.0273354027771,458.48169237250806
4.499999999999992,-3.70084610171,-4.78414184945,28.1700711367,5.97636892088,0.0764755440555,0.0,-2.64351424937,-5.17362692672,5.49686907624,-0.0826340476682,-0.0711708503182,0.0,417.51353749089714,416.7341942496916,418.70229248430604,416.6529502922739
4.559999999999991,-3.86097753049,-5.10031701014,28.4988833888,5.97190521436,0.0721619454393,0.0,-2.69387629246,-5.36607441647,5.46315515231,-0.0616090843531,-0.0733780248731,0.0,451.6681408431504,451.48615668610216,449.38768135164923,451.08472444063864
4.6199999999999894,-4.02417326208,-5.4286076927,28.8270443151,5.96834589193,0.0674386717007,0.0,-2.74558717394,-5.57735278937,5.47490146296,-0.0551026111408,-0.0924221971263,0.0,467.4558612461293,465.9642905421051,465.78321799146204,466.28960771183046
4.679999999999988,-4.19027889349,-5.76915974699,29.1542639676,5.96597221466,0.0616154525893,0.0,-2.79084909958,-5.77482707327,5.432167108,-0.0192170126648,-0.108448670852,0.0,450.53879636111975,449.2327143739756,448.82947312539494,451.7322276207242
4.739999999999987,-4.3591585479,-6.12240451665,29.4811943654,5.96506089763,0.055397741431,0.0,-2.83789946609,-6.00021141213,5.46486910478,-0.00815233759927,-0.0954117590503,0.0,475.23222325415827,476.22204624780875,473.2701724367955,474.1213571753258
4.799999999999986,-4.53062370236,-6.4884841037,29.8077451535,5.96483711065,0.0494973642325,0.0,-2.87718305617,-6.20277299921,5.42001198353,0.00390442705808,-0.104948234973,0.0,451.2902487323364,450.51141350435495,451.06632715430675,452.03928389569853
4.859999999999984,-4.70442867682,-6.86724513949,30.1329801063,5.96519000383,0.042880564133,0.0,-2.9157855394,-6.42281410522,5.42075822715,0.00956862355907,-0.123937001786,0.0,467.43161970096173,465.93872413679617,465.5606337702024,466.00362496908275
4.919999999999983,-4.88018491064,-7.25736488715,30.4524434725,5.96622213167,0.0355531135642,0.0,-2.94241934088,-6.58181080607,5.22887275017,0.0292428228329,-0.118728103472,0.0,400.17514221339997,400.63387199891514,401.24732048377365,403.0300309529669
4.979999999999982,-5.05765072256,-7.65878008159,30.7655414568,5.96817598649,0.028716302554,0.0,-2.9725633428,-6.79891173263,5.20755923862,0.0384928901774,-0.105787745215,0.0,457.4830524662617,458.50128945468833,457.78645198176736,458.5224584428307
5.0399999999999805,-5.2368661071,-8.07378900302,31.0789412341,5.9707748996,0.0219498618354,0.0,-3.00071484461,-7.03479398146,5.23863343148,0.0515390702474,-0.132818953924,0.0,475.34638821021593,473.25894354448235,475.22712041413297,476.2272153420121
